(17, 23)
(1, 24)
(2, 24)
(1, 25)
(4, 25)
(12, 24)
(6, 25)
(2, 26)
(5, 26)
(1, 27)
(2, 27)
(7, 26)
(0, 28)
(1, 28)
(9, 26)
(4, 28)
(2, 29)
(8, 27)
(2, 30)
(0, 31)
(12, 26)
(4, 30)
(2, 31)
(0, 32)
(5, 30)
(8, 29)
(3, 32)
(12, 27)
(9, 29)
(11, 28)
(0, 35)
(8, 30)
(16, 25)
(10, 30)
(14, 27)
(8, 32)
(13, 28)
(5, 35)
(10, 31)
(9, 32)
(12, 30)
(9, 34)
(9, 35)
(11, 33)
(15, 29)
(12, 35)
(18, 25)
(16, 30)
(14, 35)
(17, 28)
(17, 30)
(17, 31)
(18, 29)
(19, 27)
(20, 29)
(21, 34)
(21, 33)
(21, 32)
(22, 34)
(21, 30)
(22, 33)
(20, 26)
(22, 31)
(23, 32)
(22, 29)
(26, 34)
(27, 35)
(25, 30)
(32, 35)
(33, 35)
(32, 34)
(34, 35)
(33, 34)
(23, 26)
(26, 28)
(29, 30)
(32, 32)
(28, 29)
(30, 30)
(27, 28)
(34, 32)
(26, 27)
(28, 28)
(32, 30)
(34, 31)
(21, 24)
(34, 30)
(29, 27)
(35, 29)
(35, 28)
(32, 27)
(30, 26)
(33, 26)
(29, 25)
(30, 25)
(33, 25)
(31, 24)
(20, 23)
(31, 22)
(29, 22)
(28, 22)
(27, 22)
(34, 21)
(33, 21)
(33, 20)
(28, 21)
(34, 19)
(26, 21)
(28, 20)
(27, 20)
(29, 19)
(35, 16)
(32, 17)
(21, 22)
(35, 14)
(24, 20)
(32, 15)
(25, 19)
(27, 17)
(30, 14)
(25, 18)
(34, 9)
(27, 15)
(32, 9)
(29, 12)
(28, 13)
(27, 14)
(31, 9)
(30, 10)
(23, 18)
(26, 14)
(32, 6)
(31, 7)
(27, 12)
(31, 6)
(27, 11)
(34, 0)
(32, 3)
(28, 9)
(29, 7)
(32, 2)
(27, 10)
(25, 13)
(26, 11)
(28, 7)
(27, 8)
(28, 6)
(30, 2)
(31, 0)
(28, 4)
(25, 10)
(29, 1)
(23, 14)
(24, 11)
(26, 6)
(27, 3)
(26, 5)
(24, 10)
(27, 2)
(25, 7)
(26, 4)
(24, 9)
(26, 3)
(20, 20)
(21, 16)
(24, 5)
(24, 4)
(25, 0)
(24, 3)
(24, 2)
(22, 10)
(24, 1)
(21, 14)
(23, 4)
(21, 10)
(20, 16)
(21, 6)
(20, 14)
(20, 13)
(20, 10)
(20, 8)
(20, 6)
(20, 4)
(20, 0)
(19, 21)
(18, 3)
(18, 4)
(18, 8)
(18, 9)
(17, 1)
(17, 2)
(17, 3)
(18, 14)
(18, 15)
(17, 9)
(16, 5)
(15, 0)
(15, 1)
(16, 7)
(17, 14)
(15, 6)
(15, 7)
(14, 4)
(15, 8)
(17, 16)
(14, 7)
(13, 4)
(14, 9)
(12, 4)
(12, 5)
(15, 13)
(10, 1)
(14, 11)
(10, 2)
(9, 0)
(15, 14)
(14, 12)
(16, 17)
(10, 6)
(10, 7)
(6, 0)
(11, 9)
(12, 11)
(13, 13)
(9, 7)
(7, 4)
(5, 1)
(8, 6)
(15, 17)
(4, 1)
(6, 4)
(8, 7)
(4, 2)
(8, 8)
(2, 0)
(13, 15)
(3, 2)
(9, 10)
(2, 1)
(5, 5)
(6, 7)
(14, 17)
(13, 16)
(0, 1)
(6, 8)
(12, 15)
(13, 17)
(10, 15)
(2, 8)
(7, 13)
(0, 8)
(6, 13)
(2, 10)
(15, 20)
(1, 10)
(9, 16)
(13, 19)
(8, 16)
(2, 13)
(0, 12)
(5, 15)
(10, 18)
(11, 19)
(4, 16)
(10, 19)
(5, 17)
(2, 16)
(9, 19)
(6, 18)
(5, 18)
(10, 20)
(0, 18)
(2, 19)
(10, 21)
(2, 20)
(10, 22)
(0, 21)
(7, 22)
(3, 23)
(3, 31)
(7, 33)
(9, 33)
(13, 32)
(17, 27)
(16, 35)
(19, 28)
(21, 35)
(31, 32)
(35, 33)
(25, 26)
(34, 29)
(26, 23)
(23, 21)
(34, 14)
(31, 11)
(31, 8)
(34, 3)
(28, 8)
(24, 8)
(23, 9)
(19, 19)
(11, 5)
(1, 2)
(10, 14)
(3, 11)
(7, 19)
(1, 21)
(14, 33)
(19, 30)
(35, 31)
(30, 23)
(27, 19)
(33, 9)
(25, 5)
(19, 16)
(7, 11)
(13, 35)
(19, 34)
(33, 23)
(19, 11)
(5, 9)
(19, 10)
(4, 8)
(19, 5)
