[50, 50, 0]
[50, 49, 1]
[49, 50, 1]
[50, 48, 2]
[49, 49, 2]
[49, 51, 2]
[48, 50, 2]
[50, 47, 3]
[49, 48, 3]
[48, 49, 3]
[48, 51, 3]
[47, 50, 3]
[50, 46, 4]
[49, 47, 4]
[48, 48, 4]
[47, 49, 4]
[48, 52, 4]
[46, 50, 4]
[51, 46, 5]
[48, 47, 5]
[47, 48, 5]
[46, 49, 5]
[48, 53, 5]
[47, 52, 5]
[46, 51, 5]
[45, 50, 5]
[52, 46, 6]
[48, 46, 6]
[47, 47, 6]
[46, 48, 6]
[48, 54, 6]
[49, 53, 6]
[46, 52, 6]
[44, 50, 6]
[53, 46, 7]
[48, 45, 7]
[47, 46, 7]
[46, 47, 7]
[45, 48, 7]
[48, 55, 7]
[44, 51, 7]
[54, 46, 8]
[48, 44, 8]
[47, 45, 8]
[49, 45, 8]
[46, 46, 8]
[45, 47, 8]
[44, 48, 8]
[48, 56, 8]
[49, 55, 8]
[44, 52, 8]
[55, 46, 9]
[47, 44, 9]
[49, 44, 9]
[46, 45, 9]
[45, 46, 9]
[44, 47, 9]
[43, 48, 9]
[48, 57, 9]
[49, 56, 9]
[50, 55, 9]
[43, 52, 9]
[56, 46, 10]
[47, 43, 10]
[46, 44, 10]
[50, 44, 10]
[45, 45, 10]
[44, 46, 10]
[42, 48, 10]
[48, 58, 10]
[49, 57, 10]
[50, 56, 10]
[50, 54, 10]
[42, 52, 10]
[56, 45, 11]
[47, 42, 11]
[46, 43, 11]
[45, 44, 11]
[51, 44, 11]
[44, 45, 11]
[43, 46, 11]
[42, 49, 11]
[41, 48, 11]
[48, 59, 11]
[49, 58, 11]
[50, 57, 11]
[51, 54, 11]
[41, 52, 11]
[56, 44, 12]
[46, 42, 12]
[48, 42, 12]
[45, 43, 12]
[44, 44, 12]
[52, 44, 12]
[42, 46, 12]
[42, 50, 12]
[40, 48, 12]
[48, 60, 12]
[50, 58, 12]
[51, 57, 12]
[52, 54, 12]
[40, 52, 12]
[55, 44, 13]
[45, 42, 13]
[48, 41, 13]
[49, 42, 13]
[44, 43, 13]
[43, 44, 13]
[52, 43, 13]
[53, 44, 13]
[42, 45, 13]
[41, 46, 13]
[41, 50, 13]
[39, 48, 13]
[49, 60, 13]
[50, 59, 13]
[52, 55, 13]
[39, 52, 13]
[54, 44, 14]
[44, 42, 14]
[48, 40, 14]
[50, 42, 14]
[42, 44, 14]
[52, 42, 14]
[40, 46, 14]
[40, 50, 14]
[38, 48, 14]
[50, 60, 14]
[51, 59, 14]
[52, 56, 14]
[38, 52, 14]
[43, 42, 15]
[47, 40, 15]
[49, 40, 15]
[51, 42, 15]
[39, 46, 15]
[39, 50, 15]
[38, 49, 15]
[37, 48, 15]
[53, 56, 15]
[37, 52, 15]
[42, 42, 16]
[46, 40, 16]
[49, 39, 16]
[50, 40, 16]
[38, 46, 16]
[38, 50, 16]
[36, 48, 16]
[54, 56, 16]
[36, 52, 16]
[41, 42, 17]
[45, 40, 17]
[50, 39, 17]
[51, 40, 17]
[38, 45, 17]
[35, 48, 17]
[55, 56, 17]
[36, 51, 17]
[35, 52, 17]
[41, 43, 18]
[40, 42, 18]
[44, 40, 18]
[50, 38, 18]
[52, 40, 18]
[38, 44, 18]
[37, 45, 18]
[34, 48, 18]
[56, 56, 18]
[36, 50, 18]
[34, 52, 18]
[40, 43, 19]
[40, 41, 19]
[39, 42, 19]
[43, 40, 19]
[51, 38, 19]
[53, 40, 19]
[38, 43, 19]
[37, 44, 19]
[39, 44, 19]
[36, 45, 19]
[33, 48, 19]
[56, 55, 19]
[57, 56, 19]
[35, 50, 19]
[33, 52, 19]
[40, 44, 20]
[40, 40, 20]
[39, 41, 20]
[38, 42, 20]
[42, 40, 20]
[52, 38, 20]
[54, 40, 20]
[37, 43, 20]
[36, 44, 20]
[36, 46, 20]
[35, 45, 20]
[32, 48, 20]
[56, 54, 20]
[57, 57, 20]
[58, 56, 20]
[34, 50, 20]
[32, 52, 20]
[39, 40, 21]
[41, 40, 21]
[38, 41, 21]
[37, 42, 21]
[53, 38, 21]
[54, 41, 21]
[55, 40, 21]
[36, 43, 21]
[35, 44, 21]
[35, 46, 21]
[32, 47, 21]
[31, 48, 21]
[57, 54, 21]
[58, 57, 21]
[58, 55, 21]
[59, 56, 21]
[33, 50, 21]
[32, 53, 21]
[38, 40, 22]
[37, 41, 22]
[36, 42, 22]
[54, 38, 22]
[54, 42, 22]
[56, 40, 22]
[35, 43, 22]
[34, 44, 22]
[34, 46, 22]
[32, 46, 22]
[31, 49, 22]
[30, 48, 22]
[58, 54, 22]
[58, 58, 22]
[59, 57, 22]
[59, 55, 22]
[60, 56, 22]
[32, 50, 22]
[32, 54, 22]
[37, 40, 23]
[36, 41, 23]
[35, 42, 23]
[54, 37, 23]
[55, 38, 23]
[55, 42, 23]
[57, 40, 23]
[34, 43, 23]
[33, 44, 23]
[33, 46, 23]
[31, 46, 23]
[30, 49, 23]
[30, 47, 23]
[29, 48, 23]
[59, 54, 23]
[58, 59, 23]
[59, 58, 23]
[60, 57, 23]
[60, 55, 23]
[31, 54, 23]
[37, 39, 24]
[36, 40, 24]
[35, 41, 24]
[34, 42, 24]
[54, 36, 24]
[55, 37, 24]
[56, 38, 24]
[56, 42, 24]
[58, 40, 24]
[32, 44, 24]
[30, 46, 24]
[30, 50, 24]
[29, 49, 24]
[29, 47, 24]
[28, 48, 24]
[59, 53, 24]
[60, 54, 24]
[58, 60, 24]
[60, 58, 24]
[30, 54, 24]
[37, 38, 25]
[35, 40, 25]
[34, 41, 25]
[33, 42, 25]
[53, 36, 25]
[55, 36, 25]
[56, 37, 25]
[57, 38, 25]
[58, 41, 25]
[31, 44, 25]
[29, 46, 25]
[30, 51, 25]
[29, 50, 25]
[28, 49, 25]
[28, 47, 25]
[27, 48, 25]
[60, 53, 25]
[59, 60, 25]
[61, 58, 25]
[30, 53, 25]
[37, 37, 26]
[36, 38, 26]
[38, 38, 26]
[34, 40, 26]
[32, 42, 26]
[52, 36, 26]
[56, 36, 26]
[57, 37, 26]
[58, 38, 26]
[58, 42, 26]
[30, 44, 26]
[29, 45, 26]
[28, 46, 26]
[30, 52, 26]
[29, 51, 26]
[31, 51, 26]
[28, 50, 26]
[27, 49, 26]
[27, 47, 26]
[26, 48, 26]
[60, 52, 26]
[60, 60, 26]
[62, 58, 26]
[29, 53, 26]
[37, 36, 27]
[36, 37, 27]
[38, 37, 27]
[35, 38, 27]
[39, 38, 27]
[33, 40, 27]
[32, 41, 27]
[52, 35, 27]
[51, 36, 27]
[57, 36, 27]
[58, 37, 27]
[59, 38, 27]
[58, 43, 27]
[59, 42, 27]
[30, 43, 27]
[29, 44, 27]
[28, 45, 27]
[27, 46, 27]
[29, 52, 27]
[28, 51, 27]
[27, 50, 27]
[26, 49, 27]
[26, 47, 27]
[25, 48, 27]
[61, 52, 27]
[60, 61, 27]
[61, 60, 27]
[62, 59, 27]
[28, 53, 27]
[37, 35, 28]
[36, 36, 28]
[38, 36, 28]
[34, 38, 28]
[40, 38, 28]
[33, 39, 28]
[32, 40, 28]
[31, 41, 28]
[52, 34, 28]
[51, 35, 28]
[50, 36, 28]
[58, 36, 28]
[59, 37, 28]
[59, 39, 28]
[60, 38, 28]
[58, 44, 28]
[60, 42, 28]
[30, 42, 28]
[29, 43, 28]
[28, 44, 28]
[27, 45, 28]
[26, 46, 28]
[28, 52, 28]
[27, 51, 28]
[26, 50, 28]
[25, 49, 28]
[25, 47, 28]
[24, 48, 28]
[62, 52, 28]
[60, 62, 28]
[62, 60, 28]
[28, 54, 28]
[27, 53, 28]
[36, 35, 29]
[38, 35, 29]
[35, 36, 29]
[39, 36, 29]
[34, 37, 29]
[33, 38, 29]
[40, 37, 29]
[41, 38, 29]
[32, 39, 29]
[31, 40, 29]
[30, 41, 29]
[53, 34, 29]
[50, 35, 29]
[49, 36, 29]
[59, 36, 29]
[60, 37, 29]
[60, 39, 29]
[61, 38, 29]
[58, 45, 29]
[60, 43, 29]
[61, 42, 29]
[29, 42, 29]
[28, 43, 29]
[27, 44, 29]
[26, 45, 29]
[25, 46, 29]
[27, 52, 29]
[26, 51, 29]
[25, 50, 29]
[24, 49, 29]
[24, 47, 29]
[23, 48, 29]
[62, 51, 29]
[61, 62, 29]
[63, 60, 29]
[28, 55, 29]
[27, 54, 29]
[26, 53, 29]
[36, 34, 30]
[35, 35, 30]
[38, 34, 30]
[34, 36, 30]
[40, 36, 30]
[33, 37, 30]
[32, 38, 30]
[42, 38, 30]
[31, 39, 30]
[30, 40, 30]
[29, 41, 30]
[54, 34, 30]
[50, 34, 30]
[48, 36, 30]
[60, 36, 30]
[60, 40, 30]
[62, 38, 30]
[58, 46, 30]
[60, 44, 30]
[61, 43, 30]
[62, 42, 30]
[28, 42, 30]
[27, 43, 30]
[26, 44, 30]
[25, 45, 30]
[24, 46, 30]
[26, 52, 30]
[25, 51, 30]
[24, 50, 30]
[23, 49, 30]
[23, 47, 30]
[22, 48, 30]
[62, 50, 30]
[62, 62, 30]
[64, 60, 30]
[28, 56, 30]
[27, 55, 30]
[29, 55, 30]
[26, 54, 30]
[25, 53, 30]
[36, 33, 31]
[35, 34, 31]
[34, 35, 31]
[39, 34, 31]
[33, 36, 31]
[41, 36, 31]
[32, 37, 31]
[31, 38, 31]
[42, 37, 31]
[43, 38, 31]
[30, 39, 31]
31
